1095 990 875 737 641 579 516 442 328 258 223 205 190 178 169 162 159 157 154 151 147 143 139 138 136 133 128 123 118 114 111 108 105 101 98 94 91 88 83 79 77 71 62 40 0 0 0 0 0 0 0 0 0 0 0 0 0 0 0 0 0 0 0 0 0 0 0 0 0 0 0 0 0 0 0 0 0 0 0 0 0  
1137 1028 916 797 695 606 537 465 377 308 254 222 196 181 171 165 160 157 155 153 151 147 143 140 138 135 130 126 120 117 115 110 106 103 101 98 94 90 86 83 80 76 70 58 14 0 0 0 0 0 0 0 0 0 0 0 0 0 0 0 0 0 0 0 0 0 0 0 0 0 0 0 0 0 0 0 0 0 0 0 0  
1185 1077 967 856 748 641 564 490 420 348 276 238 208 189 176 168 162 158 156 154 153 150 146 143 140 137 133 128 123 120 118 113 109 106 103 101 97 93 90 87 84 79 75 69 42 0 0 0 0 0 0 0 0 0 0 0 0 0 0 0 0 0 0 0 0 0 0 0 0 0 0 0 0 0 0 0 0 0 0 0 0  
1238 1135 1028 916 800 682 595 518 457 380 291 253 224 202 185 172 165 160 157 154 153 152 150 146 143 140 135 130 126 123 121 117 113 109 106 102 99 97 95 92 88 82 76 74 67 55 13 0 0 0 0 0 0 0 0 0 0 0 0 0 0 0 0 0 0 0 0 0 0 0 0 0 0 0 0 0 0 0 0 0 0  
1256 1168 1076 972 859 739 653 577 518 444 360 297 244 216 196 183 175 168 161 157 155 153 152 149 146 142 138 135 130 127 124 120 116 112 109 106 102 99 97 95 92 87 82 79 74 69 46 17 0 0 0 0 0 0 0 0 0 0 0 0 0 0 0 0 0 0 0 0 0 0 0 0 0 0 0 0 0 0 0 0 0  
1272 1199 1120 1025 917 799 713 637 578 511 437 349 271 235 211 196 187 178 168 162 158 155 153 151 148 143 142 139 134 130 126 123 120 116 112 110 106 102 100 98 96 93 89 84 79 75 69 58 23 0 0 0 0 0 0 0 0 0 0 0 0 0 0 0 0 0 0 0 0 0 0 0 0 0 0 0 0 0 0 0 0  
1299 1231 1157 1063 964 861 767 682 622 566 514 415 322 270 234 211 200 191 182 173 164 159 156 154 152 148 144 141 139 134 129 126 123 120 116 113 110 107 103 101 99 97 94 89 84 81 75 68 53 37 20 0 0 0 0 0 0 0 0 0 0 0 0 0 0 0 0 0 0 0 0 0 0 0 0 0 0 0 0 0 0  
1351 1280 1202 1102 998 891 797 713 652 603 562 465 370 305 259 228 213 201 195 185 173 166 160 157 154 151 146 142 141 138 133 129 126 123 120 117 114 110 106 103 102 99 97 93 89 86 80 75 69 63 56 40 22 3 0 0 0 0 0 0 0 0 0 0 0 0 0 0 0 0 0 0 0 0 0 0 0 0 0 0 0  
1425 1344 1253 1142 1021 892 807 731 671 623 586 501 414 341 286 246 224 209 205 197 187 175 165 159 156 153 148 143 141 140 138 133 128 126 123 121 117 112 108 106 104 100 97 96 93 88 84 79 74 68 64 58 52 41 7 0 0 0 0 0 0 0 0 0 0 0 0 0 0 0 0 0 0 0 0 0 0 0 0 0 0  
1418 1318 1221 1144 1053 953 882 813 740 683 640 562 478 391 324 276 249 227 217 208 200 188 177 168 162 158 153 148 144 141 138 135 132 130 128 125 121 116 113 110 108 104 101 99 96 92 89 86 80 76 72 67 62 54 36 5 0 0 0 0 0 0 0 0 0 0 0 0 0 0 0 0 0 0 0 0 0 0 0 0 0  
1409 1296 1197 1150 1092 1025 962 894 808 741 690 618 539 440 364 306 273 245 226 215 210 200 188 178 170 163 158 153 148 143 139 137 135 133 131 129 125 121 117 114 112 108 105 102 100 97 94 91 87 83 79 74 68 62 57 52 40 26 8 0 0 0 0 0 0 0 0 0 0 0 0 0 0 0 0 0 0 0 0 0 0  
1450 1353 1262 1204 1151 1101 1013 922 838 765 702 640 571 482 401 326 286 252 223 207 204 201 196 188 179 169 163 157 152 148 143 139 135 134 132 130 128 126 121 117 115 111 108 105 103 100 97 94 91 88 86 81 75 70 65 59 49 40 30 16 0 0 0 0 0 0 0 0 0 0 0 0 0 0 0 0 0 0 0 0 0  
1470 1386 1305 1241 1184 1133 1035 938 857 782 712 653 592 519 437 349 300 257 222 204 200 200 199 193 185 175 167 160 156 152 147 141 136 134 133 131 130 128 123 119 117 113 109 107 105 102 99 96 93 91 90 85 81 76 70 63 55 48 42 37 33 30 20 0 0 0 0 0 0 0 0 0 0 0 0 0 0 0 0 0 0  
1471 1399 1328 1261 1193 1125 1032 941 866 793 720 660 603 550 473 375 313 261 225 204 197 197 198 193 187 179 171 163 158 153 151 144 137 135 133 131 130 128 125 122 119 114 110 108 106 104 101 97 94 92 90 88 85 80 74 67 59 51 44 38 35 31 26 14 0 0 0 0 0 0 0 0 0 0 0 0 0 0 0 0 0  
1483 1410 1337 1272 1202 1129 1037 946 867 793 723 667 613 562 503 436 353 277 240 214 198 197 197 195 191 185 176 167 161 156 152 145 138 136 133 130 129 129 126 124 121 116 112 109 106 104 102 99 96 94 92 90 87 84 79 73 65 57 50 44 37 33 28 23 11 0 0 0 0 0 0 0 0 0 0 0 0 0 0 0 0  
1497 1422 1348 1286 1215 1137 1047 957 871 796 728 675 623 571 528 493 398 307 265 232 205 199 197 197 195 191 181 172 165 159 153 146 140 138 134 130 129 129 127 125 122 118 115 111 107 104 103 101 98 95 94 91 89 87 84 79 72 65 58 51 43 37 32 26 21 17 0 0 0 0 0 0 0 0 0 0 0 0 0 0 0  
1511 1441 1372 1314 1240 1152 1079 1000 900 818 751 689 631 584 542 504 448 388 326 274 232 215 204 202 199 196 189 181 173 166 160 154 148 142 137 133 130 128 126 125 123 121 118 115 111 108 105 103 100 97 96 93 91 89 87 84 80 75 69 63 58 51 44 36 28 22 2 0 0 0 0 0 0 0 0 0 0 0 0 0 0  
1529 1462 1397 1345 1271 1181 1113 1038 933 849 783 709 641 597 556 515 477 434 373 319 273 240 214 208 203 201 196 189 181 173 166 160 154 147 141 135 132 129 127 125 124 122 119 117 114 111 108 106 102 99 97 95 93 91 89 88 85 81 77 72 68 62 54 46 38 28 15 0 0 0 0 0 0 0 0 0 0 0 0 0 0  
1549 1484 1422 1376 1308 1224 1151 1072 969 888 825 736 654 612 569 526 488 449 407 367 327 274 227 215 209 206 202 196 188 180 173 165 158 152 146 137 134 131 128 126 124 122 119 118 116 113 111 109 105 101 98 96 95 92 90 90 87 84 82 79 75 69 62 58 49 34 26 17 0 0 0 0 0 0 0 0 0 0 0 0 0  
1575 1516 1458 1414 1348 1267 1193 1115 1020 934 856 768 687 633 584 541 498 455 420 382 344 289 239 221 212 209 206 202 194 186 178 170 162 157 150 142 136 131 129 126 124 122 119 117 116 114 112 109 106 103 100 98 95 93 92 91 89 86 84 82 78 74 69 64 57 45 36 25 8 0 0 0 0 0 0 0 0 0 0 0 0  
1597 1546 1496 1454 1394 1319 1244 1166 1080 987 888 803 724 655 600 556 507 461 428 392 354 301 252 229 215 212 210 206 199 192 183 175 167 161 154 147 139 132 129 127 124 122 120 117 115 115 113 110 107 104 102 99 95 94 93 92 90 88 86 84 81 78 75 69 63 56 44 31 25 5 0 0 0 0 0 0 0 0 0 0 0  
1599 1562 1528 1502 1462 1412 1329 1244 1165 1062 941 845 755 679 618 568 517 470 435 400 364 319 276 245 226 216 214 211 205 198 189 181 173 165 159 153 144 136 132 129 126 123 120 117 116 115 113 110 107 105 102 100 97 95 94 93 91 89 87 85 83 80 78 73 68 62 53 42 32 16 0 0 0 0 0 0 0 0 0 0 0  
1619 1591 1569 1552 1517 1467 1368 1273 1208 1118 1009 890 781 708 643 585 530 480 444 410 378 338 298 262 237 225 220 216 211 204 196 187 179 171 164 158 150 142 136 131 129 125 121 118 116 115 113 111 108 106 103 101 98 96 95 93 92 91 88 86 85 83 80 76 72 67 60 51 37 23 7 0 0 0 0 0 0 0 0 0 0  
1656 1634 1618 1604 1557 1484 1362 1253 1210 1155 1091 941 803 743 677 606 546 491 456 424 396 358 319 278 251 237 229 223 218 212 205 195 185 177 170 162 156 150 140 133 131 127 122 119 116 115 113 111 109 108 105 102 99 97 96 93 92 92 90 88 86 85 83 79 75 71 66 59 41 27 15 0 0 0 0 0 0 0 0 0 0  
1735 1687 1642 1604 1545 1471 1371 1281 1237 1191 1143 995 852 771 704 649 577 510 473 442 415 378 338 300 272 253 243 235 228 221 214 203 193 185 176 167 160 154 145 138 132 128 124 121 118 116 114 111 109 107 105 103 101 98 96 94 93 92 90 89 87 85 84 81 78 74 69 63 48 32 15 2 0 0 0 0 0 0 0 0 0  
1811 1737 1660 1598 1530 1459 1386 1317 1269 1225 1185 1049 910 803 733 692 608 529 492 461 435 398 360 324 294 270 258 247 239 231 223 212 201 192 183 173 165 157 151 143 133 129 127 123 120 117 114 111 108 107 105 104 103 99 97 95 94 93 91 89 88 86 84 82 80 77 72 66 54 36 12 5 1 0 0 0 0 0 0 0 0  
1833 1754 1677 1619 1552 1480 1414 1351 1298 1251 1208 1100 985 870 781 711 623 545 514 483 452 425 395 350 316 291 275 261 251 242 232 220 208 197 188 178 169 160 154 146 137 132 128 125 122 118 115 112 110 107 105 104 103 100 97 95 94 93 92 90 89 87 84 83 80 77 74 69 57 36 5 1 3 0 0 0 0 0 0 0 0  
1852 1782 1715 1663 1603 1537 1479 1424 1378 1334 1293 1193 1079 948 840 750 659 579 544 511 482 451 417 368 331 306 288 273 263 252 242 230 218 206 195 185 174 165 158 150 141 135 130 127 123 119 116 113 111 108 106 104 103 101 98 96 95 94 92 91 90 88 86 84 82 79 76 72 61 41 12 4 4 7 0 0 0 0 0 0 0  
1868 1822 1775 1731 1683 1631 1582 1539 1510 1478 1444 1328 1195 1038 911 811 716 630 580 545 524 476 425 375 338 313 298 285 273 263 254 243 232 219 206 193 182 171 162 154 146 139 132 128 124 121 117 114 111 109 107 105 104 101 99 98 97 95 93 92 91 90 88 86 83 81 79 75 64 50 32 16 3 9 13 12 0 0 0 0 0  
1981 1924 1863 1801 1748 1703 1648 1598 1565 1535 1507 1405 1282 1116 987 887 806 732 674 624 583 518 454 409 369 332 313 297 285 275 268 257 245 232 219 207 191 176 167 158 151 142 134 130 126 123 119 115 113 110 108 106 104 102 100 99 98 97 94 92 92 91 89 87 85 83 81 77 65 54 43 32 23 23 22 20 11 0 0 0 0  
2100 2032 1957 1874 1811 1763 1699 1640 1599 1569 1547 1461 1352 1186 1057 958 893 831 767 703 639 560 487 447 403 354 330 311 298 288 281 270 258 245 233 221 201 182 171 162 155 145 137 132 128 126 121 117 114 112 110 107 105 102 101 99 100 99 95 93 92 92 91 89 87 85 83 80 67 58 53 49 44 37 31 24 22 20 0 0 0  
2132 2096 2051 1964 1872 1775 1710 1653 1613 1582 1557 1465 1355 1214 1090 980 915 854 786 723 665 586 512 470 427 385 355 329 314 301 290 280 269 256 244 233 211 189 176 165 157 148 140 135 130 127 122 118 115 112 111 108 105 103 102 101 100 100 96 94 93 92 91 89 87 85 84 82 75 69 65 58 52 46 39 30 25 21 11 0 0  
2182 2135 2084 2004 1909 1803 1733 1672 1628 1593 1564 1463 1350 1229 1115 1008 941 875 796 723 656 589 528 487 448 413 380 350 332 316 303 293 283 269 256 244 220 197 181 168 159 152 145 137 131 128 124 119 115 113 111 108 105 104 102 101 100 99 97 95 94 92 91 89 87 86 85 83 79 75 72 65 58 54 46 35 28 23 20 8 0  
2251 2144 2050 1990 1922 1847 1769 1696 1644 1602 1570 1455 1335 1229 1133 1044 971 894 797 702 609 568 535 498 466 438 405 374 351 333 320 310 299 284 269 254 230 206 186 171 161 155 150 139 132 129 125 120 117 114 111 109 106 104 102 101 100 99 98 97 95 93 92 90 88 86 85 83 79 76 74 70 64 60 52 41 33 25 22 16 8  
2314 2193 2089 2029 1968 1907 1834 1758 1679 1619 1575 1507 1427 1316 1219 1133 1065 992 893 799 709 659 617 579 549 527 500 473 450 428 407 396 383 353 321 285 252 222 199 181 167 159 152 142 134 130 126 122 119 116 113 110 108 106 104 102 101 99 98 97 96 94 92 90 88 87 85 83 80 78 76 73 69 65 59 52 41 29 18 10 8  
2363 2246 2145 2081 2025 1976 1912 1838 1733 1655 1596 1572 1530 1411 1309 1222 1160 1093 996 908 828 762 703 663 634 613 592 569 544 516 485 474 461 424 378 321 277 239 213 192 175 164 154 145 138 131 128 125 121 117 114 111 109 107 105 103 101 100 99 97 96 94 91 90 89 88 86 83 81 79 77 75 73 70 66 62 49 34 15 2 0  
2344 2268 2203 2135 2093 2071 2029 1972 1876 1792 1716 1634 1543 1429 1326 1232 1167 1101 1009 926 850 774 705 662 626 594 571 543 496 452 410 403 406 428 408 348 297 251 225 201 181 168 157 150 142 134 129 126 122 119 115 112 110 108 106 105 103 101 100 98 96 93 91 90 89 88 86 84 81 79 78 76 75 72 69 66 58 48 31 4 0  
2399 2318 2258 2223 2196 2175 2138 2087 1989 1889 1787 1657 1531 1437 1343 1251 1176 1100 1008 924 847 765 690 644 603 565 542 514 456 404 356 350 359 410 412 365 313 263 236 212 188 173 160 153 145 135 130 127 123 120 116 113 111 108 106 105 104 102 101 99 96 94 91 90 89 88 86 83 81 79 78 77 76 73 71 69 63 56 43 14 0  
2535 2401 2310 2349 2337 2288 2240 2177 2069 1943 1802 1635 1490 1431 1361 1280 1187 1091 991 899 813 730 654 607 564 525 504 480 425 374 326 317 323 370 386 371 323 273 249 223 196 178 163 155 146 136 131 127 124 121 116 114 112 109 106 105 104 104 102 100 97 94 92 90 88 87 85 83 81 79 78 77 76 73 71 69 64 59 51 34 6  
2629 2489 2376 2350 2304 2241 2195 2142 2061 1959 1841 1687 1552 1495 1420 1331 1227 1119 1001 900 813 729 650 595 552 520 501 478 433 381 324 306 303 334 348 346 313 277 254 230 203 184 167 158 149 139 133 128 125 121 117 115 113 110 107 106 105 103 102 100 97 94 92 90 88 86 84 83 81 79 78 77 76 73 71 69 66 61 54 41 23  
2695 2563 2436 2326 2238 2166 2125 2084 2033 1964 1880 1752 1634 1570 1488 1392 1280 1161 1022 912 826 740 658 595 552 527 508 486 451 400 333 306 291 302 310 314 299 279 258 235 210 190 172 161 151 141 135 130 126 122 119 116 113 110 108 107 105 103 102 100 96 94 92 89 87 84 83 82 80 78 78 76 75 73 71 70 67 63 55 46 33  
2647 2535 2427 2340 2254 2170 2127 2084 2024 1958 1887 1779 1676 1603 1540 1485 1371 1239 1065 944 865 778 694 626 580 551 524 497 473 431 375 329 292 289 291 297 290 279 258 236 215 194 174 163 154 145 138 132 128 124 119 117 114 112 110 108 106 104 102 100 97 94 91 89 86 84 82 81 79 77 76 76 76 73 71 70 67 63 57 49 40  
2641 2538 2440 2369 2282 2183 2137 2092 2029 1963 1895 1806 1717 1641 1586 1549 1438 1306 1132 1006 922 827 737 669 616 577 545 516 488 451 404 344 289 276 272 276 279 277 258 239 220 198 177 165 155 147 139 132 129 125 121 118 115 113 111 110 107 105 102 100 98 94 91 88 86 83 82 80 78 77 76 75 75 73 71 70 67 63 57 51 44  
2683 2577 2479 2417 2324 2208 2157 2110 2049 1980 1905 1833 1760 1684 1625 1580 1477 1361 1226 1105 998 888 788 725 664 606 574 544 497 456 421 349 281 263 253 251 262 272 258 241 223 201 180 167 157 148 140 132 129 126 123 119 115 113 112 110 108 106 103 100 98 95 92 89 86 83 81 80 79 77 76 75 74 73 71 70 67 63 57 51 45  
2680 2591 2509 2456 2387 2306 2212 2128 2080 2023 1958 1882 1806 1741 1682 1630 1545 1442 1292 1162 1048 917 799 736 679 627 593 557 494 447 414 340 270 251 240 236 248 260 253 240 223 202 182 169 159 150 141 133 130 126 123 120 117 115 113 110 109 108 104 100 97 94 91 88 85 82 80 78 78 77 75 74 73 72 71 69 66 63 57 51 45  
2676 2604 2540 2496 2454 2415 2278 2155 2118 2074 2023 1943 1865 1810 1750 1687 1617 1523 1348 1204 1087 936 797 733 681 640 601 556 481 427 394 323 256 238 227 224 234 245 246 238 222 202 183 171 160 151 142 134 131 127 122 120 119 116 113 110 110 109 105 100 96 93 90 87 84 81 79 77 76 75 74 73 72 72 71 68 65 61 57 51 45  
2753 2667 2591 2554 2513 2469 2349 2237 2183 2136 2096 2049 2000 1944 1865 1766 1666 1551 1383 1233 1100 936 786 710 648 598 545 487 410 352 311 264 223 215 212 213 221 229 236 233 219 201 184 172 161 152 142 134 131 127 124 121 118 116 114 112 111 109 105 101 97 93 90 86 83 81 78 76 75 74 73 72 71 70 69 68 64 60 55 49 41  
2823 2741 2669 2640 2603 2558 2443 2335 2272 2244 2243 2213 2168 2084 1974 1844 1725 1596 1417 1260 1119 950 791 686 604 541 478 411 329 273 239 213 193 192 192 195 200 207 221 224 216 201 185 173 162 153 143 134 130 127 125 121 118 116 114 113 111 109 105 101 98 94 89 86 83 80 78 76 74 72 72 71 71 69 68 66 63 59 53 46 36  
2883 2827 2779 2761 2730 2690 2567 2452 2391 2407 2482 2447 2376 2230 2078 1920 1798 1661 1452 1283 1147 982 816 661 545 464 397 327 235 187 179 173 168 167 167 169 171 177 198 210 213 201 187 174 163 154 145 136 130 127 125 121 117 116 114 113 111 109 105 102 99 94 89 86 83 78 77 76 73 72 71 70 70 68 66 65 62 58 51 42 32  
2996 2976 2945 2877 2845 2840 2758 2669 2588 2563 2583 2497 2381 2200 2039 1894 1786 1661 1455 1292 1165 1017 861 684 541 430 331 243 190 162 158 156 155 154 155 156 158 163 177 190 201 195 186 173 162 154 146 137 130 126 124 121 118 116 115 114 112 109 105 102 99 94 89 86 83 78 76 74 72 71 69 69 69 66 65 63 60 56 49 40 27  
3118 3132 3113 2992 2956 2983 2947 2889 2784 2701 2635 2493 2330 2126 1967 1844 1752 1643 1453 1301 1181 1052 910 719 552 406 274 167 161 155 148 145 144 145 147 148 150 153 158 169 186 188 185 172 161 154 146 138 131 126 123 121 119 117 115 114 112 110 105 102 99 94 89 86 82 79 76 73 71 69 68 68 68 65 63 62 59 55 48 36 19  
3199 3190 3169 3107 3063 3033 2968 2893 2802 2706 2606 2461 2299 2097 1943 1829 1738 1638 1492 1347 1203 1084 952 750 553 362 245 160 154 145 133 130 129 135 139 141 142 143 149 156 166 177 185 172 161 152 144 137 131 127 124 121 119 116 115 114 112 110 105 102 99 94 90 86 82 78 76 73 71 69 67 66 65 64 62 61 57 53 45 25 0  
3233 3200 3162 3116 3053 2978 2895 2810 2725 2619 2495 2383 2263 2108 1972 1850 1764 1674 1547 1398 1230 1119 1000 815 604 372 245 154 146 135 120 115 113 117 120 122 126 131 137 143 148 162 174 165 157 149 142 136 131 127 124 121 118 116 114 113 112 110 106 102 99 95 90 86 82 78 76 74 71 68 66 65 63 62 61 59 55 49 39 15 0  
3206 3145 3077 2991 2894 2790 2701 2615 2528 2414 2279 2247 2221 2170 2065 1917 1841 1761 1624 1456 1262 1157 1057 923 718 451 278 149 137 123 108 101 95 90 88 88 100 113 122 129 133 142 149 150 148 145 140 135 130 127 123 120 117 116 114 112 110 109 106 103 99 94 89 86 82 79 76 73 70 67 66 63 61 60 59 57 51 43 32 6 0  
3154 3096 3031 2941 2844 2742 2659 2577 2488 2386 2274 2209 2157 2131 2059 1950 1855 1754 1622 1476 1320 1210 1107 998 839 635 385 170 143 124 113 101 90 83 79 77 83 92 106 117 124 131 136 139 141 140 136 132 128 125 122 119 116 115 113 111 110 109 107 104 99 95 90 86 83 80 77 74 70 66 64 62 59 58 56 54 44 31 8 0 0  
3102 3055 3005 2923 2835 2743 2668 2591 2501 2414 2330 2205 2097 2072 2030 1974 1852 1722 1599 1486 1383 1266 1152 1059 952 834 512 213 159 129 122 106 90 82 76 73 71 72 91 106 117 122 127 131 133 134 132 128 125 122 121 118 115 114 112 111 110 109 108 105 100 96 92 87 83 80 77 75 70 66 63 60 58 56 54 50 37 18 0 0 0  
3113 3082 3049 2997 2915 2810 2725 2645 2574 2482 2374 2241 2131 2109 2069 2014 1866 1715 1603 1509 1431 1299 1172 1093 996 883 633 382 223 140 127 110 92 77 69 67 68 71 86 99 110 117 122 126 128 130 128 126 123 121 120 117 115 114 113 111 110 108 108 106 102 97 92 88 84 80 78 75 70 66 62 59 56 54 51 46 33 16 0 0 0  
3164 3134 3103 3067 2999 2906 2824 2746 2676 2584 2475 2349 2240 2194 2138 2074 1929 1781 1661 1567 1494 1355 1221 1143 1051 946 765 568 361 232 175 134 99 79 68 65 67 71 82 93 105 112 118 121 123 125 124 123 121 119 118 116 114 113 112 111 109 108 107 106 104 99 93 89 85 81 78 76 71 67 62 58 54 52 47 41 27 8 0 0 0  
3269 3217 3168 3132 3088 3040 2981 2912 2817 2731 2652 2551 2447 2343 2248 2160 2058 1943 1791 1670 1578 1442 1310 1215 1121 1030 912 779 596 430 280 185 112 90 75 68 68 71 78 88 100 108 114 116 118 120 120 119 118 116 115 114 112 111 110 109 108 107 106 105 103 100 95 90 85 82 79 76 73 69 63 57 51 48 43 37 16 0 0 0 0  
3315 3269 3225 3189 3149 3106 3063 3011 2928 2834 2733 2602 2481 2402 2343 2300 2191 2060 1875 1733 1629 1531 1427 1303 1207 1135 1052 959 827 684 532 372 224 138 90 79 75 74 81 90 102 107 111 113 114 115 116 116 115 114 113 112 110 109 108 107 107 106 105 104 102 100 97 92 88 84 81 78 75 72 68 63 58 52 47 43 30 15 7 5 13  
3341 3309 3276 3240 3196 3148 3117 3081 3019 2917 2782 2614 2473 2440 2430 2440 2310 2149 1942 1787 1675 1619 1551 1401 1303 1251 1188 1121 1039 933 806 588 366 199 109 93 84 79 87 95 106 108 109 110 111 111 112 113 113 112 111 110 109 108 107 106 105 105 104 102 101 101 100 95 90 86 82 79 78 76 74 71 67 59 53 53 50 47 46 44 42  
3350 3324 3295 3255 3212 3169 3115 3061 3008 2927 2824 2700 2593 2554 2490 2407 2266 2121 1991 1872 1761 1705 1645 1539 1461 1407 1309 1200 1081 958 834 666 483 269 147 115 99 90 99 106 110 110 109 110 111 111 112 112 112 111 110 109 108 107 105 104 104 103 103 102 101 101 101 96 91 88 84 81 79 76 75 73 70 65 61 60 58 56 56 55 55  
3358 3332 3302 3262 3222 3182 3121 3061 3011 2948 2876 2783 2695 2626 2510 2357 2255 2162 2079 1978 1861 1788 1719 1640 1568 1504 1374 1234 1096 968 850 702 538 319 186 135 115 104 110 114 114 112 110 111 111 111 111 111 111 110 109 108 107 105 104 103 102 102 102 102 102 102 101 96 92 89 86 83 80 77 76 74 72 69 66 64 63 61 62 62 62  
3365 3328 3291 3259 3222 3183 3135 3086 3031 2983 2941 2862 2768 2638 2474 2283 2288 2297 2219 2112 1979 1868 1766 1690 1607 1517 1363 1206 1074 956 850 682 506 343 225 153 132 122 120 119 118 115 112 111 111 111 110 109 109 109 108 107 105 104 103 102 101 101 102 102 103 102 101 97 94 90 87 84 82 80 78 75 73 71 68 66 64 62 61 61 61  
