# lon lat  whitecap coverage 
# UTC time: June 18 00:00, 2010 
-123.355499 38.069902 0.008029
-123.347499 38.069902 0.008970
-123.347499 38.077902 0.007906
-123.339499 38.077902 0.007546
-123.339499 38.085902 0.008922
-123.331499 38.085902 0.010152
-123.331499 38.093902 0.010559
-123.323499 38.093902 0.009246
-123.315499 38.093902 0.009132
-123.315499 38.101902 0.010701
-123.307499 38.101902 0.010296
-123.307499 38.109902 0.010791
-123.299499 38.101902 0.008129
-123.299499 38.109902 0.008421
-123.291499 38.109902 0.007193
-123.291499 38.117902 0.007840
-123.283499 38.085902 0.005514
-123.283499 38.093902 0.005835
-123.283499 38.101902 0.006716
-123.283499 38.109902 0.004805
-123.283499 38.117902 0.005724
-123.283499 38.125902 0.006038
-123.283499 38.133902 0.006600
-123.283499 38.141902 0.007944
-123.283499 38.149902 0.006639
-123.283499 38.157902 0.006472
-123.283499 38.165902 0.006917
-123.283499 38.173902 0.005823
-123.275499 38.117902 0.005347
-123.275499 38.125902 0.004950
-123.275499 38.173902 0.006399
-123.275499 38.181902 0.006322
-123.275499 38.189902 0.003575
-123.275499 38.197902 0.004596
-123.275499 38.205902 0.004888
-123.267499 38.117902 0.004815
-123.267499 38.125902 0.009570
-123.267499 38.133902 0.012018
-123.259499 38.125902 0.013798
-123.259499 38.133902 0.010141
-123.259499 38.141902 0.009447
-123.251499 38.125902 0.011206
-123.251499 38.133902 0.008185
-123.251499 38.141902 0.010033
-123.243499 38.133902 0.009990
-123.243499 38.141902 0.013449
-123.243499 38.149902 0.007523
-123.235499 38.133902 0.008333
-123.235499 38.141902 0.010423
-123.235499 38.149902 0.007025
-123.235499 38.157902 0.005661
-123.235499 38.165902 0.005710
-123.235499 38.173902 0.006867
-123.235499 38.181902 0.004854
-123.235499 38.189902 0.006187
-123.235499 38.197902 0.007522
-123.235499 38.205902 0.004126
-123.235499 38.213902 0.006235
-123.235499 38.221902 0.009748
-123.235499 38.229902 0.010861
-123.227499 38.141902 0.006871
-123.219499 38.141902 0.007933
-123.219499 38.149902 0.007025
-123.211499 38.149902 0.008174
-123.203499 38.149902 0.008496
-123.203499 38.157902 0.007825
-123.195499 38.157902 0.006673
-123.187499 38.157902 0.005362
-123.187499 38.165902 0.006099
-123.179499 38.165902 0.011722
